eval_accuracy = 0.91324200913242
eval_loss = 0.22506280638039383
global_step = 233
loss = 0.39107328826009974
