eval_accuracy = 0.9223744292237442
eval_loss = 0.3399693767229716
global_step = 1631
loss = 0.006981021837559189
