eval_accuracy = 0.916095890410959
eval_loss = 0.3306040367000996
global_step = 1165
loss = 0.009834265040609459
