eval_accuracy = 0.916095890410959
eval_loss = 0.3306040367000996
global_step = -1
loss = 1.0
